7.292251867709760029e-05 -8.468668331974105164e-07 -5.197803928171966449e-05 -1.301708414176105595e-05 -2.779737359311785898e-05 -1.931798687169463549e-05
-8.468668331974105164e-07 2.271429719048104329e-08 6.689456340621330522e-07 3.560887183398510218e-07 3.040968463419211781e-07 2.653682431785178373e-07
-5.197803928171966449e-05 6.689456340621330522e-07 3.753571779759140402e-05 1.048341655138828655e-05 1.974870462087973492e-05 1.394978929675274967e-05
-1.301708414176105595e-05 3.560887183398510218e-07 1.048341655138828655e-05 2.603440655432463671e-04 8.089048396393788774e-06 1.191157282615404691e-04
-2.779737359311785898e-05 3.040968463419211781e-07 1.974870462087973492e-05 8.089048396393788774e-06 1.953436998607197141e-05 9.599406746907991007e-06
-1.931798687169463549e-05 2.653682431785178373e-07 1.394978929675274967e-05 1.191157282615404691e-04 9.599406746907991007e-06 6.384735673378967114e-05
